Entity|750|250|100|500|1|
Entity|750|250|100|100|1|
Entity|0|100|500|100|1|
Entity|0|1000|100|1500|1|
Entity|0|1000|1500|100|1|
Entity|500|600|100|100|1|
Entity|600|600|100|100|1|
Entity|700|600|100|100|1|
Entity|800|600|100|100|1|
Entity|900|600|100|100|1|
Entity|400|510|100|100|1|
Entity|200|200|100|100|1|
Entity|300|200|100|100|1|
Entity|400|200|100|100|1|
Entity|500|200|100|100|1|
Entity|600|200|100|100|1|
Entity|100|700|200|200|1|
Player|400|400|100|200|1|
Hitbox|120|780|149|79|
Hitbox|193|845|14|64|
Hitbox|213|582|86|82|
Hitbox|242|555|57|54|
Hitbox|463|450|36|39|
Hitbox|481|509|64|65|
Hitbox|535|496|45|52|
Hitbox|533|520|47|36|
Hitbox|567|669|133|70|
